[gd_scene load_steps=10 format=3 uid="uid://bsvnvrccidyw2"]

[ext_resource type="Texture2D" uid="uid://dqnqolh14qigk" path="res://assets/textures/texture_03.png" id="2"]
[ext_resource type="Script" path="res://backgrounds/3d_background.gd" id="3"]

[sub_resource type="ViewportTexture" id="ViewportTexture_7atl1"]
viewport_path = NodePath("viewport")

[sub_resource type="ProceduralSkyMaterial" id="ProceduralSkyMaterial_rw2xc"]
sky_top_color = Color(0, 0, 0.0745098, 1)
sky_horizon_color = Color(0, 0, 0.156863, 1)
sky_curve = 0.0388225
ground_bottom_color = Color(0.2, 0.168627, 0.133333, 1)
ground_horizon_color = Color(0.211765, 0.215686, 0.219608, 1)

[sub_resource type="Sky" id="Sky_d4xug"]
sky_material = SubResource("ProceduralSkyMaterial_rw2xc")

[sub_resource type="Environment" id="Environment_56gpx"]
background_mode = 2
sky = SubResource("Sky_d4xug")
glow_enabled = true
glow_intensity = 2.18
glow_bloom = 0.05
volumetric_fog_density = 0.0274
adjustment_enabled = true
adjustment_contrast = 1.2

[sub_resource type="World3D" id="World3D_m177t"]
environment = SubResource("Environment_56gpx")

[sub_resource type="StandardMaterial3D" id="4"]
blend_mode = 1
albedo_color = Color(0.6, 0.670588, 0, 1)
metallic_specular = 1.0
uv1_scale = Vector3(1, 1, 4)
uv1_offset = Vector3(0, 0, 0.774171)
uv1_triplanar = true

[sub_resource type="StandardMaterial3D" id="8"]
diffuse_mode = 4
specular_mode = 3
albedo_color = Color(0, 1, 3.9, 1)
albedo_texture = ExtResource("2")
metallic_specular = 0.3
uv1_scale = Vector3(0.1, 0.1, 0.4)
uv1_offset = Vector3(0, 0, 0.774171)
uv1_triplanar = true

[node name="background" type="Sprite2D"]
scale = Vector2(4, 4)
texture = SubResource("ViewportTexture_7atl1")
offset = Vector2(240, 136)
script = ExtResource("3")
scroll_rate = 0.2

[node name="viewport" type="SubViewport" parent="."]
own_world_3d = true
world_3d = SubResource("World3D_m177t")
transparent_bg = true
handle_input_locally = false
size = Vector2i(960, 270)
render_target_update_mode = 4

[node name="spatial" type="Node3D" parent="viewport"]

[node name="omni_light" type="DirectionalLight3D" parent="viewport/spatial"]
transform = Transform3D(1, 0, 0, 0, 1, 0, 0, 0, 1, 0, 0, 9)
light_energy = 1.3
directional_shadow_mode = 0

[node name="csg_box" type="CSGBox3D" parent="viewport/spatial"]
transform = Transform3D(-1, 8.70901e-08, -7.6194e-09, -8.74228e-08, -0.996195, 0.0871558, 0, 0.0871558, 0.996195, -1.74846e-07, 2, 0)
visible = false
material = SubResource("4")

[node name="csg_box_2" type="CSGBox3D" parent="viewport/spatial"]
transform = Transform3D(-1, 8.70901e-08, 7.6194e-09, -8.74228e-08, -0.996195, -0.0871558, 0, -0.0871558, 0.996195, 1.74846e-07, -2, 0)
size = Vector3(200, 1, 60)
material = SubResource("8")

[node name="camera" type="Camera3D" parent="viewport/spatial"]
transform = Transform3D(1, 0, 0, 0, 0.744312, 0.667833, 0, -0.667833, 0.744312, 0, 18.514, 4)
fov = 90.0
