[gd_scene load_steps=5 format=2]

[ext_resource path="res://ui/viewport_label.tscn" type="PackedScene" id=1]

[sub_resource type="ViewportTexture" id=3]
flags = 5
viewport_path = NodePath("timer_l")

[sub_resource type="ViewportTexture" id=5]
flags = 5
viewport_path = NodePath("best_time")

[sub_resource type="ViewportTexture" id=4]
flags = 5
viewport_path = NodePath("timer_s")

[node name="node_2d" type="Node2D"]

[node name="timer_l" parent="." instance=ExtResource( 1 )]

[node name="timer_s" parent="." instance=ExtResource( 1 )]

[node name="best_time" parent="." instance=ExtResource( 1 )]
size = Vector2( 1600, 800 )

[node name="canvas_layer" type="CanvasLayer" parent="."]

[node name="timer_bg" type="Polygon2D" parent="canvas_layer"]
position = Vector2( 662, 138 )
z_index = -1
polygon = PackedVector2Array( 730, -138, 1258, -138, 1258, 86, 706, -26 )

[node name="timer_vpc" type="SubViewportContainer" parent="canvas_layer"]
offset_left = 1376.0
offset_top = -272.0
offset_right = 1876.0
offset_bottom = 228.0
scale = Vector2( 1.2, 1.2 )
stretch = true

[node name="viewport" type="SubViewport" parent="canvas_layer/timer_vpc"]
size = Vector2( 500, 500 )
own_world = true
transparent_bg = true
handle_input_locally = false
hdr = false
render_target_update_mode = 3

[node name="spatial" type="Node3D" parent="canvas_layer/timer_vpc/viewport"]

[node name="sprite_3d" type="Sprite3D" parent="canvas_layer/timer_vpc/viewport/spatial"]
transform = Transform3D( -0.939693, 0, 0.34202, 0, 1, 0, -0.34202, 0, -0.939693, 0, -22, 0 )
cast_shadow = 0
centered = false
flip_h = true
modulate = Color( 0, 0, 0, 1 )
pixel_size = 0.05
texture = SubResource( 3 )

[node name="sprite_3d_3" type="Sprite3D" parent="canvas_layer/timer_vpc/viewport/spatial"]
transform = Transform3D( -0.970888, 0, 0.239533, 0, 1, 0, -0.239533, 0, -0.970888, 14.092, -25.089, -0.822 )
cast_shadow = 0
centered = false
flip_h = true
pixel_size = 0.03
texture = SubResource( 5 )

[node name="sprite_3d_2" type="Sprite3D" parent="canvas_layer/timer_vpc/viewport/spatial"]
transform = Transform3D( 0.906308, 0, 0.422619, 0, 1, 0, -0.422619, 0, 0.906308, 0, -11.057, 0 )
cast_shadow = 0
centered = false
modulate = Color( 0, 0, 0, 1 )
pixel_size = 0.025
texture = SubResource( 4 )

[node name="camera" type="Camera3D" parent="canvas_layer/timer_vpc/viewport/spatial"]
transform = Transform3D( 1, 0, 0, 0, 1, 0, 0, 0, 1, -4, 0, 8 )
fov = 110.0

[editable path="timer_l"]
